0 0 1 2 3 4 5 6 7 8 9 10 11 12 20 21 22 23 24 25 26 27 28 29 30 31 32
1 53 54 49 55 56 57 58 59 60 61
2 0 1 2 3 4 5 6 7 8 9 10 11 12 14
3 0 1 2 3 4 5 6 7 8 9 10 11 12 13 14 15
4 0 1 2 3 4 5 6 7 8 9 10 11 12 14
5 0 1 2 3 4 5 6 7 8 9 10 11 12 14
6 0 1 2 3 4 5 6 7 8 9 10 11 12
7 53 54 49 55 56 57 58 59 60 61
8 0 1 2 3 4 5 6 7 8 9 10 11 12 13 14 15
9 0 1 2 3 4 5 6 7 8 9 10 11 12 14
10 0 1 2 3 4 5 6 7 8 9 10 11 12 20 21 22 23 24 25 26 27 28 29 30 31 32
11 53 54 49 55 56 57 58 59 60 61
12 0 1 2 3 4 5 6 7 8 9 10 11 12 14
13 0 1 2 3 4 5 6 7 8 9 10 11 12 13 14 15
14 0 1 2 3 4 5 6 7 8 9 10 11 12 14
15 0 1 2 3 4 5 6 7 8 9 10 11 12 14
16 0 1 2 3 4 5 6 7 8 9 10 11 12
17 53 54 49 55 56 57 58 59 60 61
18 0 1 2 3 4 5 6 7 8 9 10 11 12 13 14 15
19 0 1 2 3 4 5 6 7 8 9 10 11 12 14
20 0 1 2 3 4 5 6 7 8 9 10 11 12 20 21 22 23 24 25 26 27 28 29 30 31 32
21 53 54 49 55 56 57 58 59 60 61
22 0 1 2 3 4 5 6 7 8 9 10 11 12 14
23 0 1 2 3 4 5 6 7 8 9 10 11 12 13 14 15
24 0 1 2 3 4 5 6 7 8 9 10 11 12 14
25 0 1 2 3 4 5 6 7 8 9 10 11 12 14
26 0 1 2 3 4 5 6 7 8 9 10 11 12
27 53 54 49 55 56 57 58 59 60 61
28 0 1 2 3 4 5 6 7 8 9 10 11 12 13 14 15
29 0 1 2 3 4 5 6 7 8 9 10 11 12 14
30 0 1 2 3 4 5 6 7 8 9 10 11 12 20 21 22 23 24 25 26 27 28 29 30 31 32
31 53 54 49 55 56 57 58 59 60 61
32 0 1 2 3 4 5 6 7 8 9 10 11 12 14
33 0 1 2 3 4 5 6 7 8 9 10 11 12 13 14 15
34 0 1 2 3 4 5 6 7 8 9 10 11 12 14
35 0 1 2 3 4 5 6 7 8 9 10 11 12 14
36 0 1 2 3 4 5 6 7 8 9 10 11 12
37 53 54 49 55 56 57 58 59 60 61
38 0 1 2 3 4 5 6 7 8 9 10 11 12 13 14 15
39 0 1 2 3 4 5 6 7 8 9 10 11 12 14
40 0 1 2 3 4 5 6 7 8 9 10 11 12 20 21 22 23 24 25 26 27 28 29 30 31 32
41 53 54 49 55 56 57 58 59 60 61
42 0 1 2 3 4 5 6 7 8 9 10 11 12 14
43 0 1 2 3 4 5 6 7 8 9 10 11 12 13 14 15
44 0 1 2 3 4 5 6 7 8 9 10 11 12 14
45 0 1 2 3 4 5 6 7 8 9 10 11 12 14
46 0 1 2 3 4 5 6 7 8 9 10 11 12
47 53 54 49 55 56 57 58 59 60 61
48 0 1 2 3 4 5 6 7 8 9 10 11 12 13 14 15
49 0 1 2 3 4 5 6 7 8 9 10 11 12 14
50 0 1 2 3 4 5 6 7 8 9 10 11 12 20 21 22 23 24 25 26 27 28 29 30 31 32
51 53 54 49 55 56 57 58 59 60 61
52 0 1 2 3 4 5 6 7 8 9 10 11 12 14
53 0 1 2 3 4 5 6 7 8 9 10 11 12 13 14 15
54 0 1 2 3 4 5 6 7 8 9 10 11 12 14
55 0 1 2 3 4 5 6 7 8 9 10 11 12 14
56 0 1 2 3 4 5 6 7 8 9 10 11 12
57 53 54 49 55 56 57 58 59 60 61
58 0 1 2 3 4 5 6 7 8 9 10 11 12 13 14 15
59 0 1 2 3 4 5 6 7 8 9 10 11 12 14
60 0 1 2 3 4 5 6 7 8 9 10 11 12 20 21 22 23 24 25 26 27 28 29 30 31 32
61 53 54 49 55 56 57 58 59 60 61
62 0 1 2 3 4 5 6 7 8 9 10 11 12 14
63 0 1 2 3 4 5 6 7 8 9 10 11 12 13 14 15
64 0 1 2 3 4 5 6 7 8 9 10 11 12 14
65 0 1 2 3 4 5 6 7 8 9 10 11 12 14
66 0 1 2 3 4 5 6 7 8 9 10 11 12
67 53 54 49 55 56 57 58 59 60 61
68 0 1 2 3 4 5 6 7 8 9 10 11 12 13 14 15
69 0 1 2 3 4 5 6 7 8 9 10 11 12 14
70 0 1 2 3 4 5 6 7 8 9 10 11 12 20 21 22 23 24 25 26 27 28 29 30 31 32
71 53 54 49 55 56 57 58 59 60 61
72 0 1 2 3 4 5 6 7 8 9 10 11 12 14
73 0 1 2 3 4 5 6 7 8 9 10 11 12 13 14 15
74 0 1 2 3 4 5 6 7 8 9 10 11 12 14
75 0 1 2 3 4 5 6 7 8 9 10 11 12 14
76 0 1 2 3 4 5 6 7 8 9 10 11 12
77 53 54 49 55 56 57 58 59 60 61
78 0 1 2 3 4 5 6 7 8 9 10 11 12 13 14 15
79 0 1 2 3 4 5 6 7 8 9 10 11 12 14
80 0 1 2 3 4 5 6 7 8 9 10 11 12 20 21 22 23 24 25 26 27 28 29 30 31 32
81 53 54 49 55 56 57 58 59 60 61
82 0 1 2 3 4 5 6 7 8 9 10 11 12 14
83 0 1 2 3 4 5 6 7 8 9 10 11 12 13 14 15
84 0 1 2 3 4 5 6 7 8 9 10 11 12 14
85 0 1 2 3 4 5 6 7 8 9 10 11 12 14
86 0 1 2 3 4 5 6 7 8 9 10 11 12
87 53 54 49 55 56 57 58 59 60 61
88 0 1 2 3 4 5 6 7 8 9 10 11 12 13 14 15
89 0 1 2 3 4 5 6 7 8 9 10 11 12 14
90 0 1 2 3 4 5 6 7 8 9 10 11 12 20 21 22 23 24 25 26 27 28 29 30 31 32
91 53 54 49 55 56 57 58 59 60 61
92 0 1 2 3 4 5 6 7 8 9 10 11 12 14
93 0 1 2 3 4 5 6 7 8 9 10 11 12 13 14 15
94 0 1 2 3 4 5 6 7 8 9 10 11 12 14
95 0 1 2 3 4 5 6 7 8 9 10 11 12 14
96 0 1 2 3 4 5 6 7 8 9 10 11 12
97 53 54 49 55 56 57 58 59 60 61
98 0 1 2 3 4 5 6 7 8 9 10 11 12 13 14 15
99 0 1 2 3 4 5 6 7 8 9 10 11 12 14
