org_id remap_id
0060090383 0
0307279464 1
0375703055 2
0316776963 3
0140291873 4
0446526479 5
0440509238 6
0060090375 7
014029628X 8
0385497946 9
0099416158 10
0060194995 11
0060086246 12
0439136350 13
0007172826 14
0671004549 15
0099911701 16
0060175400 17
0385494505 18
0385335830 19
0446520950 20
0142000205 21
0385335881 22
0767905199 23
0452281784 24
0449005577 25
0618093974 26
0452283027 27
0345478185 28
0451203771 29
0452282128 30
0316182540 31
0452159091 32
0671776126 33
0060184957 34
0812980549 35
1611099110 36
0544114396 37
0099453924 38
0306818027 39
055352626X 40
0609804138 41
038072975X 42
0345420748 43
0452282829 44
0060984333 45
0688167888 46
0316198951 47
0451202341 48
0140298479 49
0671527932 50
0679724362 51
0385335482 52
0060505931 53
0399148019 54
0679746048 55
006019491X 56
0061097101 57
0099451743 58
0061097314 59
0375704132 60
0345491254 61
